44,4
14,5
82,9
82,8
82,6
82,3
14,6
10,15
10,85
10,223
10,153
10,67
10,109
10,27
10,113
11,26
11,16
11,22
11,6
11,11
11,25
11,9
9,5
8,14
8,7
8,15
8,8
8,13
14,1
14,4
95,5
95,4
95,3
95,2
95,1
95,0
94,5
94,4
94,3
94,2
94,1
94,0
92,10
92,9
92,8
92,7
92,6
92,5
92,4
92,3
92,2
92,1
92,0
91,10
91,9
91,8
91,7
91,6
91,5
91,4
91,3
91,2
91,1
91,0
90,5
90,4
90,3
90,2
90,1
90,0
89,3
89,2
89,1
89,0
88,9
88,8
88,7
88,6
88,5
88,4
88,3
88,2
88,1
88,0
85,6
85,5
85,4
85,3
85,2
85,1
85,0
84,4
84,3
84,2
84,1
84,0
82,1
82,11
44,1
44,3
20,3
20,2
20,1
19,3
19,2
19,1
18,3
18,1
14,3
13,3
13,1
12,3
12,2
12,1
11,21
11,18
11,13
11,10
11,8
11,7
11,4
11,3
11,2
